#include <stdlib.h>
#include <stdio.h>
#include <string.h>

int main (int argc, char *argv[]) {

  char *data_guil[1538][9] = { 
/* these are new data from BT: SiO2, TiO2, Al2O3, FeO, MgO, CaO, Na2O, K2O */
  {"BP109_F1_Avg", "77.7", "0.05", "12.6", "0.66", "0.02", "0.42", "3.84", "4.72"},
  {"BP108_F2_Avg", "77.8", "0.06", "12.6", "0.66", "0.02", "0.42", "3.71", "4.81"},
  {"BP068_F7_Avg", "77.7", "0.05", "12.7", "0.69", "0.02", "0.43", "3.67", "4.83"},
  {"BP149_F7_Avg", "78.0", "0.05", "12.6", "0.66", "0.03", "0.42", "3.78", "4.43"},
  {"BP151_F7_Avg", "77.6", "0.06", "12.7", "0.66", "0.04", "0.43", "3.25", "5.27"},
  {"BP158_F7_Avg", "77.1", "0.07", "12.8", "0.74", "0.09", "0.60", "3.51", "5.05"},
  {"BP132_Ig1Ea_Avg", "78.1", "0.06", "12.7", "0.31", "0.01", "0.46", "3.67", "4.68"},
  {"BP032_Ig1Eb_1_Avg", "76.8", "0.11", "13.0", "0.72", "0.13", "0.94", "3.55", "4.74"},
  {"BP080_Ig1Eb_1_Avg", "77.8", "0.06", "12.7", "0.68", "0.02", "0.44", "3.76", "4.55"},
  {"BP087_Ig1Eb_1_Avg", "77.9", "0.06", "12.6", "0.65", "0.02", "0.45", "3.65", "4.63"},
  {"BP092_Ig1Eb_1_Avg", "77.5", "0.09", "12.6", "0.71", "0.06", "0.46", "3.78", "4.82"},
  {"BP098_Ig1Eb_1_Avg", "77.9", "0.06", "12.6", "0.68", "0.04", "0.45", "3.58", "4.73"},
  {"BP032_Ig1Eb_3_Avg", "73.0", "0.20", "14.3", "2.05", "0.33", "1.78", "3.75", "4.55"},
  {"BP036_Ig1Eb_Sherwin_Avg", "78.0", "0.07", "12.7", "0.33", "0.02", "0.46", "3.35", "5.01"},
  {"BP040_Ig1Eb_Sherwin_Avg", "77.9", "0.08", "12.6", "0.36", "0.02", "0.44", "3.27", "5.30"},
  {"BP019_Ig1Eb_Watterson_Avg", "77.2", "0.07", "13.3", "0.62", "0.06", "0.60", "3.48", "4.73"},
  {"BP112_Ig1NW_Avg", "78.0", "0.05", "12.6", "0.49", "0.02", "0.47", "3.85", "4.58"},
  {"BP130_Ig1SW_Avg", "77.9", "0.06", "12.6", "0.64", "0.02", "0.46", "3.88", "4.49"},
  {"BP148_F9_Avg", "77.8", "0.06", "12.5", "0.67", "0.02", "0.43", "3.75", "4.73"},
  {"BP160_1_F9_Avg", "77.8", "0.09", "12.6", "0.74", "0.05", "0.50", "3.28", "5.01"},
  {"BP003_Ig2Ea_1_Avg", "77.6", "0.07", "12.7", "0.76", "0.04", "0.47", "3.44", "5.00"},
  {"BP004_Ig2Ea_1_Avg", "77.6", "0.06", "12.7", "0.70", "0.03", "0.44", "3.59", "4.89"},
  {"BP075_Ig2Ea_1_Avg", "77.6", "0.07", "12.5", "0.71", "0.04", "0.45", "3.70", "4.87"},
  {"BP197_Ig2Ea_1_Avg", "77.0", "0.08", "12.9", "0.69", "0.07", "0.58", "3.69", "4.99"},
  {"BP198_Ig2Ea_3_Avg", "72.3", "0.21", "14.4", "1.94", "0.68", "1.78", "3.82", "4.83"},
  {"BP164_Ig2Eb_Avg", "77.7", "0.13", "12.6", "0.59", "0.07", "0.52", "3.18", "5.16"},
  {"BP242_Ig2Eb_Avg", "77.9", "0.04", "12.4", "0.41", "0.02", "0.31", "3.95", "4.97"},
  {"BP243_Ig2Eb_Avg", "77.7", "0.05", "12.4", "0.50", "0.03", "0.33", "3.86", "5.05"},
  {"BP244_Ig2Eb_Avg", "77.6", "0.09", "12.6", "0.56", "0.04", "0.48", "3.75", "4.85"},
  {"BP248_Ig2Eb_Avg", "77.8", "0.04", "12.3", "0.56", "0.02", "0.32", "3.98", "4.89"},
  {"BP053_Ig2Na_Avg", "77.9", "0.09", "12.7", "0.32", "0.03", "0.49", "3.33", "5.11"},
  {"BP055_Ig2Na_Avg", "77.7", "0.08", "12.7", "0.57", "0.04", "0.48", "3.55", "4.94"},
  {"BP059_Ig2Na_Avg", "77.8", "0.10", "12.6", "0.33", "0.03", "0.52", "3.22", "5.37"},
  {"BP060_Ig2Na_Avg", "77.9", "0.10", "12.7", "0.37", "0.04", "0.50", "3.36", "5.09"},
  {"BP015_Ig2Nb_1_Avg", "77.8", "0.12", "12.6", "0.63", "0.07", "0.55", "3.21", "5.10"},
  {"BP016_Ig2Nb_1_Avg", "77.7", "0.12", "12.6", "0.73", "0.07", "0.53", "3.26", "5.04"},
  {"BP167_Ig2Nb_1_Avg", "77.9", "0.11", "12.6", "0.40", "0.06", "0.51", "3.30", "5.20"},
  {"BP169_Ig2Nb_1_Avg", "77.7", "0.14", "12.6", "0.38", "0.06", "0.53", "3.39", "5.24"},
  {"BP170_Ig2Nb_1_Avg", "77.7", "0.13", "12.6", "0.48", "0.06", "0.48", "3.40", "5.19"},
  {"BP172_Ig2Nb_1_Avg", "77.8", "0.05", "12.7", "0.34", "0.02", "0.66", "3.48", "4.96"},
  {"BP225_Ig2Nb_1_Avg", "77.2", "0.10", "12.7", "0.32", "0.03", "0.50", "3.61", "5.47"},
  {"BP232_Ig2Nb_1_Avg", "77.2", "0.05", "13.0", "0.31", "0.04", "0.49", "3.78", "5.20"},
  {"BP172_Ig2Nb_1_Avg", "77.8", "0.05", "12.7", "0.34", "0.02", "0.66", "3.48", "4.96"},
  {"BP225_Ig2Nb_1_Avg", "77.2", "0.10", "12.7", "0.32", "0.03", "0.50", "3.61", "5.47"},
  {"BP172_Ig2Nb_2_Avg", "75.1", "0.13", "14.2", "0.66", "0.17", "1.23", "3.99", "4.54"},
  {"BP225_Ig2Nb_2_Avg", "75.3", "0.08", "14.2", "0.25", "0.02", "0.66", "4.73", "4.73"},
  {"BP232_Ig2Nb_2_Avg", "75.1", "0.08", "14.2", "0.51", "0.30", "0.87", "4.15", "4.86"},
  {"BP225_Ig2Nb_3_Avg", "71.5", "0.37", "15.0", "1.61", "0.78", "0.52", "4.85", "5.38"},
  {"BP230_Ig2Nb_3_Avg", "73.1", "0.15", "14.6", "1.36", "0.58", "1.46", "3.61", "5.16"},
  {"BP232_Ig2Nb_3_Avg", "73.2", "0.05", "15.6", "0.32", "0.06", "0.61", "6.88", "3.33"},
  {"BP209_Ig2Nc_Avg", "77.8", "0.14", "12.6", "0.30", "0.02", "0.56", "3.13", "5.46"},
  {"BP115_Ig2NWa_Avg", "77.5", "0.12", "12.6", "0.64", "0.07", "0.54", "3.15", "5.35"},
  {"BP118_Ig2NWa_Avg", "77.6", "0.08", "12.5", "0.51", "0.04", "0.45", "3.29", "5.44"},
  {"BP120_Ig2NWa_Avg", "75.9", "0.09", "13.6", "0.34", "0.13", "0.58", "3.16", "6.24"},
  {"BP122_B_Ig2NWb_1_Avg", "78.0", "0.09", "12.7", "0.42", "0.14", "0.59", "2.83", "5.28"},
  {"BP122_W_Ig2NWb_1_Avg", "77.7", "0.14", "12.7", "0.34", "0.17", "0.55", "2.60", "5.76"},
  {"BP124_Ig2NWb_1_Avg", "77.6", "0.13", "12.6", "0.62", "0.08", "0.55", "3.10", "5.28"},
  {"BP126_Ig2NWb_1_Avg", "77.8", "0.14", "12.6", "0.30", "0.10", "0.65", "3.24", "5.24"},
  {"BP129_Ig2NWb_1_Avg", "77.4", "0.14", "12.5", "0.43", "0.09", "0.53", "2.98", "5.85"},
  {"BP211_Ig2NWb_1_Avg", "77.6", "0.11", "12.6", "0.33", "0.03", "0.49", "2.88", "5.91"},
  {"BP214_Ig2NWb_1_Avg", "78.1", "0.10", "12.5", "0.23", "0.01", "0.52", "2.65", "5.86"},
  {"BP218_Ig2NWb_1_Avg", "78.2", "0.15", "12.2", "0.91", "0.03", "1.04", "2.46", "4.98"},
  {"BP220_Ig2NWb_1_Avg", "78.0", "0.13", "12.6", "0.34", "0.10", "0.50", "2.70", "5.69"},
  {"BP222_Ig2NWb_1_Avg", "74.7", "0.30", "13.6", "1.48", "0.04", "1.54", "3.31", "5.13"},
  {"BP211_Ig2NWb_2_Avg", "67.6", "0.69", "15.3", "2.92", "2.39", "3.27", "3.35", "4.53"},
  {"BP214_Ig2NWb_2_Avg", "71.0", "0.36", "16.3", "1.88", "0.06", "2.02", "3.22", "5.13"},
  {"BP218_Ig2NWb_2_Avg", "73.9", "0.24", "14.3", "1.65", "0.05", "1.87", "2.71", "5.27"},
  {"BP220_Ig2NWb_2_Avg", "70.4", "0.02", "17.4", "0.19", "0.01", "0.67", "5.89", "5.43"},
  {"BP216_Ig2SW_Avg", "77.9", "0.07", "12.7", "0.24", "0.01", "0.51", "3.49", "5.10"},
  {"BP109_F1_G6_1", "77.8", "0.02", "12.4", "0.68", "0.02", "0.41", "4.09", "4.48"},
  {"BP109_F1_G5_4", "77.6", "0.02", "12.5", "0.72", "0.02", "0.41", "4.02", "4.77"},
  {"BP109_F1_G2_1", "77.6", "0.03", "12.6", "0.60", "0.04", "0.40", "4.11", "4.67"},
  {"BP109_F1_g13_3", "77.9", "0.03", "12.6", "0.62", "0.01", "0.45", "3.87", "4.54"},
  {"BP109_F1_g28_1", "77.8", "0.04", "12.5", "0.69", "0.04", "0.43", "3.51", "4.98"},
  {"BP109_F1_G4_3", "77.8", "0.04", "12.6", "0.57", "0.03", "0.43", "4.10", "4.41"},
  {"BP109_F1_G5_2", "77.4", "0.04", "12.5", "0.63", "0.04", "0.43", "4.21", "4.69"},
  {"BP109_F1_G4_4", "77.7", "0.04", "12.6", "0.70", "0.01", "0.40", "3.61", "4.95"},
  {"BP109_F1_G4_1", "77.6", "0.04", "12.6", "0.61", "0.02", "0.42", "4.20", "4.45"},
  {"BP109_F1_G7_2", "78.0", "0.04", "12.4", "0.59", "0.03", "0.41", "4.00", "4.53"},
  {"BP109_F1_G3_2", "77.8", "0.04", "12.5", "0.61", "0.04", "0.41", "4.06", "4.49"},
  {"BP109_F1_G6_4", "77.3", "0.04", "12.6", "0.80", "0.01", "0.40", "4.26", "4.56"},
  {"BP109_F1_G1_3", "77.8", "0.04", "12.5", "0.66", "0.05", "0.41", "3.97", "4.55"},
  {"BP109_F1_g28_4", "77.9", "0.05", "12.5", "0.60", "0.03", "0.46", "3.43", "4.99"},
  {"BP109_F1_G5_1", "77.5", "0.05", "12.7", "0.63", "0.01", "0.42", "4.16", "4.52"},
  {"BP109_F1_G3_4", "77.4", "0.05", "12.6", "0.72", "0.03", "0.41", "4.11", "4.71"},
  {"BP109_F1_G4_2", "77.6", "0.05", "12.6", "0.62", "0.03", "0.42", "4.13", "4.49"},
  {"BP109_F1_G6_2", "77.8", "0.05", "12.5", "0.67", "0.03", "0.41", "3.99", "4.51"},
  {"BP109_F1_g10_2", "78.1", "0.05", "12.7", "0.68", "0.02", "0.42", "3.51", "4.54"},
  {"BP109_F1_g10_1", "77.9", "0.05", "12.7", "0.66", "0.01", "0.47", "3.67", "4.59"},
  {"BP109_F1_G8_4", "77.4", "0.05", "12.5", "0.72", "0.03", "0.42", "3.84", "5.01"},
  {"BP109_F1_G6_3", "77.9", "0.05", "12.5", "0.61", "0.04", "0.43", "3.89", "4.58"},
  {"BP109_F1_g28_3", "77.7", "0.05", "12.5", "0.66", "0.01", "0.46", "2.92", "5.63"},
  {"BP109_F1_G7_4", "77.5", "0.05", "12.6", "0.68", "0.03", "0.41", "4.19", "4.50"},
  {"BP109_F1_G8_2", "78.0", "0.06", "12.4", "0.63", "0.03", "0.41", "3.91", "4.62"},
  {"BP109_F1_G7_3", "77.6", "0.06", "12.5", "0.76", "0.03", "0.43", "3.97", "4.60"},
  {"BP109_F1_G8_1", "77.9", "0.06", "12.5", "0.63", "0.00", "0.42", "3.98", "4.53"},
  {"BP109_F1_G3_1", "77.7", "0.06", "12.5", "0.60", "0.02", "0.43", "4.19", "4.49"},
  {"BP109_F1_G1_2", "77.6", "0.06", "12.4", "0.67", "0.02", "0.43", "4.22", "4.55"},
  {"BP109_F1_g28_2", "77.9", "0.06", "12.5", "0.61", "0.03", "0.49", "3.59", "4.87"},
  {"BP109_F1_g10_4", "78.3", "0.06", "12.5", "0.60", "0.03", "0.44", "3.46", "4.57"},
  {"BP109_F1_G2_3", "77.5", "0.06", "12.4", "0.73", "0.03", "0.39", "3.78", "5.03"},
  {"BP109_F1_G8_3", "77.9", "0.07", "12.6", "0.59", "0.01", "0.41", "3.75", "4.63"},
  {"BP109_F1_g13_1", "77.6", "0.07", "12.6", "0.69", "0.01", "0.43", "3.02", "5.62"},
  {"BP109_F1_G3_3", "77.8", "0.07", "12.4", "0.69", "0.03", "0.40", "4.01", "4.57"},
  {"BP109_F1_g10_3", "77.9", "0.07", "12.7", "0.69", "0.01", "0.43", "3.45", "4.72"},
  {"BP109_F1_g13_2", "77.9", "0.07", "12.7", "0.62", "0.02", "0.42", "3.32", "4.90"},
  {"BP109_F1_G1_4", "77.5", "0.08", "12.6", "0.67", "0.02", "0.40", "4.01", "4.76"},
  {"BP109_F1_G7_1", "77.8", "0.08", "12.5", "0.66", "0.04", "0.42", "4.06", "4.40"},
  {"BP109_F1_g13_4", "77.5", "0.09", "12.6", "0.74", "0.02", "0.42", "2.94", "5.73"},
  {"BP109_F1_G2_2", "77.7", "0.10", "12.5", "0.70", "0.03", "0.41", "3.73", "4.83"},
  {"BP108_F2_G5_3", "77.6", "0.03", "12.5", "0.70", "0.03", "0.43", "3.33", "5.33"},
  {"BP108_F2_G14_4", "77.6", "0.03", "12.7", "0.73", "0.03", "0.44", "3.59", "4.88"},
  {"BP108_F2_G5_1", "77.6", "0.04", "12.6", "0.67", "0.03", "0.42", "3.59", "5.13"},
  {"BP108_F2_G1_1", "77.4", "0.04", "12.7", "0.78", "0.05", "0.43", "4.08", "4.58"},
  {"BP108_F2_G6_3", "77.7", "0.04", "12.5", "0.69", "0.02", "0.42", "3.61", "4.94"},
  {"BP108_F2_G2_1", "77.3", "0.04", "12.7", "0.63", "0.02", "0.42", "3.82", "5.03"},
  {"BP108_F2_G17_4", "78.1", "0.04", "12.6", "0.68", "0.02", "0.41", "3.48", "4.66"},
  {"BP108_F2_G2_3", "77.8", "0.04", "12.5", "0.72", "0.01", "0.42", "4.00", "4.49"},
  {"BP108_F2_G2_4", "77.7", "0.04", "12.4", "0.76", "0.03", "0.40", "4.12", "4.46"},
  {"BP108_F2_G6_2", "77.8", "0.04", "12.5", "0.60", "0.02", "0.41", "3.11", "5.56"},
  {"BP108_F2_G3_4", "78.1", "0.04", "12.4", "0.60", "0.02", "0.40", "3.39", "5.05"},
  {"BP108_F2_G1_2", "77.7", "0.05", "12.5", "0.75", "0.03", "0.43", "4.04", "4.57"},
  {"BP108_F2_G17_3", "78.1", "0.05", "12.7", "0.60", "0.01", "0.44", "3.57", "4.54"},
  {"BP108_F2_G14_3", "78.1", "0.05", "12.7", "0.65", "0.02", "0.44", "3.54", "4.57"},
  {"BP108_F2_G2_2", "77.7", "0.05", "12.6", "0.62", "0.01", "0.40", "3.91", "4.67"},
  {"BP108_F2_G7_2", "77.8", "0.06", "12.8", "0.69", "0.02", "0.39", "3.37", "4.86"},
  {"BP108_F2_G1_4", "77.5", "0.06", "12.6", "0.65", "0.02", "0.42", "4.07", "4.64"},
  {"BP108_F2_G3_3", "77.8", "0.06", "12.5", "0.68", "0.03", "0.44", "4.06", "4.48"},
  {"BP108_F2_G1_3", "77.8", "0.06", "12.5", "0.59", "0.03", "0.41", "3.98", "4.62"},
  {"BP108_F2_G14_2", "77.9", "0.07", "12.7", "0.60", "0.01", "0.45", "3.68", "4.65"},
  {"BP108_F2_G3_2", "77.8", "0.07", "12.4", "0.66", "0.01", "0.41", "3.83", "4.76"},
  {"BP108_F2_G6_4", "77.8", "0.07", "12.4", "0.58", "0.03", "0.42", "3.16", "5.56"},
  {"BP108_F2_G5_4", "77.6", "0.07", "12.6", "0.70", "0.02", "0.42", "4.21", "4.42"},
  {"BP108_F2_G3_1", "77.8", "0.07", "12.5", "0.65", "0.02", "0.42", "4.05", "4.52"},
  {"BP108_F2_G14_1", "78.0", "0.08", "12.6", "0.67", "0.03", "0.44", "3.70", "4.53"},
  {"BP108_F2_G6_1", "77.9", "0.08", "12.4", "0.59", "0.03", "0.42", "4.00", "4.54"},
  {"BP108_F2_G7_1", "77.6", "0.10", "12.5", "0.67", "0.03", "0.43", "2.95", "5.71"},
  {"BP068_F7_G5_1", "77.7", "0.02", "12.6", "0.83", "0.01", "0.44", "3.84", "4.56"},
  {"BP068_F7_G4_4", "77.8", "0.03", "12.7", "0.57", "0.01", "0.43", "3.60", "4.87"},
  {"BP068_F7_G2_2", "77.3", "0.03", "12.7", "0.84", "0.02", "0.42", "3.82", "4.81"},
  {"BP068_F7_G2_4", "77.8", "0.03", "12.8", "0.49", "0.02", "0.43", "3.54", "4.91"},
  {"BP068_F7_G7_1", "77.7", "0.03", "12.8", "0.62", "0.00", "0.44", "3.92", "4.46"},
  {"BP068_F7_G6_1", "77.8", "0.04", "12.7", "0.77", "0.00", "0.44", "3.66", "4.56"},
  {"BP068_F7_G6_2", "77.7", "0.04", "12.6", "0.63", "0.00", "0.43", "3.60", "4.92"},
  {"BP068_F7_G6_4", "77.4", "0.04", "12.6", "0.65", "0.02", "0.44", "3.44", "5.39"},
  {"BP068_F7_G8_4", "77.4", "0.04", "12.8", "0.70", "0.03", "0.43", "3.76", "4.90"},
  {"BP068_F7_G4_1", "77.9", "0.04", "12.6", "0.60", "0.01", "0.43", "3.43", "5.04"},
  {"BP068_F7_G4_3", "77.8", "0.05", "12.7", "0.55", "0.02", "0.43", "3.78", "4.73"},
  {"BP068_F7_g1_1", "77.6", "0.05", "12.6", "0.63", "0.04", "0.42", "3.48", "5.16"},
  {"BP068_F7_G5_4", "77.8", "0.05", "12.5", "0.80", "0.02", "0.43", "3.75", "4.58"},
  {"BP068_F7_G2_1", "77.7", "0.05", "12.5", "0.80", "0.01", "0.44", "3.87", "4.60"},
  {"BP068_F7_G8_3", "77.6", "0.05", "12.7", "0.48", "0.02", "0.45", "3.75", "4.93"},
  {"BP068_F7_G7_2", "77.7", "0.06", "12.6", "0.59", "0.02", "0.45", "3.89", "4.69"},
  {"BP068_F7_g1_4", "77.9", "0.06", "12.5", "0.64", "0.03", "0.40", "3.57", "4.88"},
  {"BP068_F7_G3_4", "77.6", "0.06", "12.6", "0.80", "0.02", "0.44", "3.68", "4.74"},
  {"BP068_F7_G7_4", "77.6", "0.06", "12.6", "1.02", "0.04", "0.42", "3.75", "4.48"},
  {"BP068_F7_G7_3", "77.4", "0.07", "12.7", "0.91", "0.01", "0.42", "3.89", "4.61"},
  {"BP068_F7_g1_3", "77.6", "0.07", "12.7", "0.67", "0.02", "0.42", "3.80", "4.71"},
  {"BP068_F7_G5_3", "77.9", "0.07", "12.5", "0.58", "0.02", "0.42", "3.72", "4.80"},
  {"BP068_F7_G5_2", "77.7", "0.07", "12.6", "0.68", "0.03", "0.43", "3.79", "4.67"},
  {"BP068_F7_G6_3", "77.7", "0.08", "12.8", "0.64", "0.04", "0.44", "3.65", "4.66"},
  {"BP068_F7_g1_5", "77.4", "0.08", "12.5", "0.76", "0.06", "0.41", "3.13", "5.60"},
  {"BP068_F7_G8_2", "77.4", "0.08", "12.8", "0.64", "0.03", "0.43", "3.36", "5.27"},
  {"BP149_F7_G10_1", "77.9", "0.04", "12.4", "0.77", "0.04", "0.43", "3.99", "4.39"},
  {"BP149_F7_G18_1", "78.2", "0.04", "12.4", "0.75", "0.04", "0.42", "3.80", "4.30"},
  {"BP149_F7_G11_1", "78.0", "0.06", "12.5", "0.63", "0.02", "0.40", "3.86", "4.57"},
  {"BP149_F7_G7_2", "78.2", "0.06", "12.6", "0.52", "0.02", "0.43", "3.01", "5.10"},
  {"BP149_F7_G16_1", "78.3", "0.04", "12.6", "0.73", "0.02", "0.44", "3.68", "4.18"},
  {"BP149_F7_G10_2", "78.2", "0.05", "12.6", "0.61", "0.03", "0.42", "3.75", "4.29"},
  {"BP149_F7_G7_4", "77.8", "0.05", "12.5", "0.69", "0.03", "0.41", "3.86", "4.61"},
  {"BP149_F7_G18_4", "78.0", "0.08", "12.5", "0.69", "0.01", "0.44", "3.56", "4.71"},
  {"BP149_F7_G16_2", "78.1", "0.05", "12.6", "0.68", "0.03", "0.41", "3.90", "4.20"},
  {"BP149_F7_G7_3", "77.9", "0.05", "12.6", "0.62", "0.03", "0.43", "4.01", "4.42"},
  {"BP149_F7_G16_4", "78.1", "0.06", "12.6", "0.57", "0.02", "0.43", "3.87", "4.33"},
  {"BP149_F7_G13_3", "78.1", "0.06", "12.5", "0.74", "0.04", "0.42", "3.82", "4.27"},
  {"BP149_F7_G1_3", "78.1", "0.06", "12.5", "0.61", "0.04", "0.43", "3.86", "4.44"},
  {"BP149_F7_G5_4", "78.1", "0.06", "12.6", "0.65", "0.01", "0.44", "3.63", "4.53"},
  {"BP149_F7_G13_1", "78.1", "0.04", "12.7", "0.60", "0.01", "0.43", "3.76", "4.33"},
  {"BP149_F7_G10_3", "78.1", "0.06", "12.6", "0.68", "0.03", "0.43", "3.79", "4.26"},
  {"BP149_F7_G1_2", "77.9", "0.07", "12.5", "0.69", "0.03", "0.42", "3.96", "4.38"},
  {"BP149_F7_G3_1", "78.4", "0.04", "12.6", "0.64", "0.03", "0.42", "3.72", "4.20"},
  {"BP149_F7_G11_2", "78.3", "0.05", "12.6", "0.66", "0.05", "0.43", "3.68", "4.23"},
  {"BP149_F7_G3_4", "78.1", "0.06", "12.6", "0.68", "0.01", "0.41", "3.86", "4.30"},
  {"BP149_F7_G18_3", "77.9", "0.07", "12.7", "0.61", "0.02", "0.41", "3.88", "4.42"},
  {"BP149_F7_G16_3", "78.1", "0.05", "12.6", "0.61", "0.03", "0.43", "3.81", "4.39"},
  {"BP149_F7_G11_3", "77.8", "0.05", "12.6", "0.64", "0.04", "0.42", "3.76", "4.74"},
  {"BP149_F7_G18_2", "78.1", "0.06", "12.7", "0.50", "0.03", "0.41", "3.68", "4.54"},
  {"BP149_F7_G3_2", "77.9", "0.06", "12.6", "0.58", "0.01", "0.43", "3.76", "4.66"},
  {"BP149_F7_G1_1", "78.0", "0.06", "12.6", "0.76", "0.02", "0.41", "3.87", "4.22"},
  {"BP149_F7_G5_2", "78.0", "0.04", "12.6", "0.76", "0.02", "0.43", "3.71", "4.44"},
  {"BP149_F7_G4_1", "78.0", "0.06", "12.7", "0.66", "0.03", "0.41", "3.80", "4.33"},
  {"BP149_F7_G5_3", "77.8", "0.06", "12.7", "0.60", "0.02", "0.42", "3.90", "4.52"},
  {"BP149_F7_G1_4", "78.0", "0.07", "12.6", "0.68", "0.01", "0.39", "3.93", "4.29"},
  {"BP149_F7_G13_2", "77.8", "0.05", "12.6", "0.74", "0.04", "0.45", "3.82", "4.47"},
  {"BP149_F7_G13_4", "77.7", "0.04", "12.7", "0.75", "0.03", "0.43", "3.82", "4.53"},
  {"BP149_F7_G4_2", "77.9", "0.05", "12.7", "0.79", "0.02", "0.42", "3.84", "4.22"},
  {"BP149_F7_G5_1", "77.7", "0.04", "12.7", "0.73", "0.04", "0.44", "3.76", "4.63"},
  {"BP149_F7_G7_1", "78.1", "0.08", "12.7", "0.61", "0.04", "0.43", "3.92", "4.18"},
  {"BP149_F7_G3_3", "77.9", "0.04", "12.6", "0.77", "0.02", "0.44", "3.59", "4.64"},
  {"BP149_F7_G4_4", "77.8", "0.06", "12.6", "0.74", "0.03", "0.44", "3.77", "4.48"},
  {"BP149_F7_G11_4", "78.1", "0.05", "12.7", "0.54", "0.01", "0.42", "3.84", "4.33"},
  {"BP149_F7_G10_4", "77.8", "0.03", "12.7", "0.56", "0.04", "0.42", "3.75", "4.62"},
  {"BP151_F7_G8_4", "76.9", "0.04", "13.2", "0.69", "0.05", "0.55", "3.73", "4.86"},
  {"BP151_F7_G3_2", "77.6", "0.05", "12.7", "0.75", "0.03", "0.41", "3.51", "4.98"},
  {"BP151_F7_G8_2", "77.5", "0.05", "12.5", "0.62", "0.07", "0.43", "3.56", "5.19"},
  {"BP151_F7_G7_3", "77.6", "0.05", "12.6", "0.67", "0.02", "0.42", "3.16", "5.42"},
  {"BP151_F7_G7_4", "77.6", "0.06", "12.7", "0.65", "0.06", "0.44", "3.37", "5.17"},
  {"BP151_F7_G1_2", "77.8", "0.06", "12.7", "0.66", "0.01", "0.42", "2.98", "5.36"},
  {"BP151_F7_G14_2", "77.9", "0.06", "12.6", "0.59", "0.02", "0.41", "2.80", "5.57"},
  {"BP151_F7_G1_1", "77.7", "0.06", "12.6", "0.67", "0.04", "0.42", "3.14", "5.39"},
  {"BP151_F7_G20_4", "77.6", "0.06", "12.7", "0.75", "0.07", "0.39", "3.23", "5.21"},
  {"BP151_F7_G11_2", "77.8", "0.07", "12.6", "0.54", "0.02", "0.42", "3.08", "5.44"},
  {"BP151_F7_G7_1", "77.8", "0.08", "12.7", "0.67", "0.03", "0.43", "2.87", "5.51"},
  {"BP151_F7_G8_3", "77.7", "0.10", "12.6", "0.64", "0.02", "0.39", "3.52", "5.09"},
  {"BP158_F7_G2_3", "77.0", "0.04", "12.9", "0.62", "0.07", "0.51", "3.73", "5.10"},
  {"BP158_F7_G10_2", "76.9", "0.06", "12.7", "0.84", "0.10", "0.68", "3.59", "5.10"},
  {"BP158_F7_G12_1", "77.0", "0.06", "12.9", "0.78", "0.09", "0.64", "3.75", "4.86"},
  {"BP158_F7_G4_1", "77.0", "0.07", "13.0", "0.77", "0.11", "0.63", "3.37", "5.03"},
  {"BP158_F7_G10_4", "76.8", "0.07", "12.9", "0.81", "0.11", "0.57", "3.73", "5.05"},
  {"BP158_F7_G2_2", "77.6", "0.08", "12.7", "0.65", "0.06", "0.54", "3.16", "5.27"},
  {"BP158_F7_G4_3", "77.4", "0.08", "13.0", "0.70", "0.10", "0.62", "3.05", "5.10"},
  {"BP158_F7_G10_1", "77.1", "0.08", "12.7", "0.70", "0.11", "0.60", "3.82", "4.90"},
  {"BP158_F7_G6_4", "77.2", "0.09", "12.8", "0.75", "0.10", "0.63", "3.41", "5.05"},
  {"BP132_Ig1Ea_G3_4", "78.4", "0.03", "12.7", "0.24", "0.00", "0.43", "3.60", "4.60"},
  {"BP132_Ig1Ea_G9_3", "78.1", "0.04", "12.6", "0.48", "0.01", "0.52", "3.57", "4.61"},
  {"BP132_Ig1Ea_G2_4", "78.2", "0.04", "12.5", "0.48", "0.03", "0.54", "3.60", "4.62"},
  {"BP132_Ig1Ea_G9_4", "78.3", "0.04", "12.8", "0.15", "0.03", "0.42", "3.55", "4.77"},
  {"BP132_Ig1Ea_G11_2", "77.9", "0.05", "12.7", "0.62", "0.01", "0.49", "3.77", "4.51"},
  {"BP132_Ig1Ea_G1_3", "78.2", "0.05", "12.6", "0.33", "0.01", "0.47", "3.62", "4.69"},
  {"BP132_Ig1Ea_G4_1", "77.9", "0.05", "12.7", "0.35", "0.02", "0.49", "3.79", "4.65"},
  {"BP132_Ig1Ea_G12_3", "77.8", "0.05", "12.7", "0.37", "0.00", "0.47", "3.89", "4.70"},
  {"BP132_Ig1Ea_G12_1", "78.2", "0.05", "12.8", "0.36", "0.00", "0.47", "3.54", "4.63"},
  {"BP132_Ig1Ea_G4_3", "78.3", "0.05", "12.7", "0.15", "0.02", "0.44", "3.62", "4.68"},
  {"BP132_Ig1Ea_G9_1", "77.8", "0.05", "12.7", "0.70", "0.01", "0.53", "3.67", "4.55"},
  {"BP132_Ig1Ea_G3_3", "78.1", "0.05", "12.5", "0.32", "0.01", "0.44", "3.57", "4.95"},
  {"BP132_Ig1Ea_G12_2", "77.9", "0.05", "12.8", "0.39", "0.01", "0.46", "3.76", "4.60"},
  {"BP132_Ig1Ea_G11_4", "78.2", "0.06", "12.7", "0.34", "0.01", "0.45", "3.75", "4.58"},
  {"BP132_Ig1Ea_G11_3", "78.2", "0.06", "12.6", "0.28", "0.02", "0.45", "3.66", "4.68"},
  {"BP132_Ig1Ea_G1_4", "78.2", "0.06", "12.5", "0.20", "0.00", "0.45", "3.79", "4.81"},
  {"BP132_Ig1Ea_G5_3", "78.2", "0.06", "12.8", "0.20", "0.00", "0.41", "3.68", "4.64"},
  {"BP132_Ig1Ea_G11_1", "77.9", "0.06", "12.7", "0.37", "0.00", "0.45", "3.75", "4.80"},
  {"BP132_Ig1Ea_G3_1", "77.9", "0.06", "12.8", "0.41", "0.02", "0.50", "3.71", "4.62"},
  {"BP132_Ig1Ea_G12_4", "78.4", "0.06", "12.6", "0.39", "0.00", "0.51", "3.56", "4.52"},
  {"BP132_Ig1Ea_G1_2", "78.1", "0.06", "12.7", "0.32", "0.02", "0.48", "3.59", "4.67"},
  {"BP132_Ig1Ea_G2_1", "77.9", "0.06", "12.8", "0.37", "0.01", "0.51", "3.76", "4.59"},
  {"BP132_Ig1Ea_G4_4", "78.3", "0.07", "12.8", "0.13", "0.00", "0.44", "3.50", "4.79"},
  {"BP132_Ig1Ea_G5_4", "78.3", "0.07", "12.7", "0.15", "0.01", "0.45", "3.68", "4.63"},
  {"BP132_Ig1Ea_G2_2", "78.2", "0.07", "12.7", "0.19", "0.00", "0.43", "3.64", "4.74"},
  {"BP132_Ig1Ea_G5_1", "77.9", "0.07", "12.8", "0.14", "0.00", "0.44", "3.79", "4.81"},
  {"BP132_Ig1Ea_G5_2", "78.1", "0.07", "12.6", "0.28", "0.00", "0.45", "3.71", "4.81"},
  {"BP132_Ig1Ea_G2_3", "78.2", "0.07", "12.6", "0.28", "0.01", "0.42", "3.74", "4.65"},
  {"BP132_Ig1Ea_G1_1", "78.2", "0.07", "12.7", "0.15", "0.01", "0.45", "3.78", "4.64"},
  {"BP132_Ig1Ea_G9_2", "78.3", "0.07", "12.7", "0.29", "0.01", "0.46", "3.59", "4.63"},
  {"BP132_Ig1Ea_G3_2", "78.3", "0.08", "12.6", "0.14", "0.00", "0.42", "3.50", "5.01"},
  {"BP132_Ig1Ea_G4_2", "78.2", "0.08", "12.7", "0.32", "0.01", "0.48", "3.70", "4.52"},
  {"BP032_Ig1Eb_1_g6_1", "77.9", "0.04", "12.8", "0.29", "0.02", "0.45", "3.92", "4.64"},
  {"BP032_Ig1Eb_1_g6_3", "78.2", "0.05", "12.6", "0.25", "0.02", "0.46", "3.80", "4.64"},
  {"BP032_Ig1Eb_1_g6_2", "78.1", "0.06", "12.5", "0.34", "0.02", "0.47", "3.91", "4.56"},
  {"BP032_Ig1Eb_1_g11_2", "77.4", "0.09", "13.1", "0.23", "0.00", "0.73", "3.65", "4.89"},
  {"BP032_Ig1Eb_1_g12_1", "76.5", "0.10", "13.2", "0.73", "0.21", "0.90", "3.68", "4.71"},
  {"BP032_Ig1Eb_1_g14_2", "76.7", "0.10", "13.2", "0.65", "0.09", "0.94", "3.58", "4.68"},
  {"BP032_Ig1Eb_1_g12_2", "76.5", "0.10", "13.2", "0.66", "0.17", "1.09", "3.55", "4.72"},
  {"BP032_Ig1Eb_1_g10_1", "76.6", "0.10", "13.2", "0.66", "0.09", "0.90", "3.68", "4.79"},
  {"BP032_Ig1Eb_1_g11_4", "76.5", "0.10", "13.0", "0.92", "0.13", "1.04", "3.63", "4.64"},
  {"BP032_Ig1Eb_1_g10_4", "76.6", "0.11", "13.0", "0.75", "0.13", "1.13", "3.65", "4.60"},
  {"BP032_Ig1Eb_1_g14_3", "76.4", "0.11", "13.3", "0.77", "0.18", "1.05", "3.56", "4.69"},
  {"BP032_Ig1Eb_1_g12_3", "76.5", "0.11", "13.2", "0.91", "0.19", "0.96", "3.50", "4.71"},
  {"BP032_Ig1Eb_1_g14_1", "76.4", "0.12", "13.1", "1.05", "0.31", "0.86", "3.61", "4.57"},
  {"BP032_Ig1Eb_1_g5_2", "76.3", "0.12", "13.3", "0.70", "0.18", "1.32", "3.53", "4.62"},
  {"BP032_Ig1Eb_1_g11_3", "76.5", "0.12", "13.2", "0.84", "0.16", "1.13", "3.53", "4.56"},
  {"BP032_Ig1Eb_1_g10_2", "76.9", "0.12", "13.0", "0.60", "0.07", "0.89", "3.52", "4.86"},
  {"BP032_Ig1Eb_1_g5_3", "76.1", "0.12", "13.1", "0.98", "0.18", "1.31", "3.62", "4.66"},
  {"BP032_Ig1Eb_1_g10_3", "76.3", "0.13", "13.1", "0.97", "0.17", "1.04", "3.56", "4.72"},
  {"BP032_Ig1Eb_1_g14_1", "76.4", "0.12", "13.1", "1.05", "0.31", "0.86", "3.61", "4.57"},
  {"BP032_Ig1Eb_1_g14_4", "76.6", "0.13", "13.2", "0.89", "0.16", "0.79", "3.56", "4.74"},
  {"BP032_Ig1Eb_1_g5_4", "76.2", "0.13", "13.5", "0.73", "0.14", "1.28", "3.48", "4.61"},
  {"BP032_Ig1Eb_1_g11_1", "76.5", "0.14", "13.1", "0.63", "0.12", "0.97", "3.67", "4.80"},
  {"BP032_Ig1Eb_1_g12_4", "76.0", "0.15", "13.3", "0.97", "0.17", "1.03", "3.53", "4.84"},
  {"BP032_Ig1Eb_1_g14_2", "76.7", "0.10", "13.2", "0.65", "0.09", "0.94", "3.58", "4.68"},
  {"BP032_Ig1Eb_1_g5_1", "76.1", "0.15", "13.4", "0.73", "0.12", "1.30", "3.47", "4.74"},
  {"BP032_Ig1Eb_1_g18_4", "77.9", "0.18", "11.6", "1.51", "0.33", "1.26", "3.28", "4.00"},
  {"BP080_Ig1Eb_1_G5_3", "77.9", "0.03", "12.7", "0.70", "0.01", "0.44", "3.70", "4.59"},
  {"BP080_Ig1Eb_1_G8_2", "78.0", "0.03", "12.6", "0.77", "0.01", "0.42", "3.76", "4.46"},
  {"BP080_Ig1Eb_1_G4_3", "77.6", "0.04", "12.8", "0.72", "0.01", "0.44", "3.80", "4.66"},
  {"BP080_Ig1Eb_1_G13_2", "77.9", "0.04", "12.6", "0.64", "0.02", "0.43", "3.82", "4.54"},
  {"BP080_Ig1Eb_1_G8_1", "78.0", "0.05", "12.7", "0.62", "0.01", "0.44", "3.81", "4.42"},
  {"BP080_Ig1Eb_1_G12_3", "77.8", "0.05", "12.6", "0.74", "0.00", "0.44", "3.67", "4.61"},
  {"BP080_Ig1Eb_1_G1_2", "77.9", "0.05", "12.8", "0.65", "0.02", "0.44", "3.77", "4.43"},
  {"BP080_Ig1Eb_1_G12_4", "77.9", "0.05", "12.7", "0.69", "0.01", "0.45", "3.76", "4.47"},
  {"BP080_Ig1Eb_1_G4_4", "77.9", "0.05", "12.6", "0.63", "0.03", "0.42", "3.66", "4.69"},
  {"BP080_Ig1Eb_1_G3_2", "77.8", "0.05", "12.7", "0.69", "0.02", "0.45", "3.71", "4.62"},
  {"BP080_Ig1Eb_1_G4_1", "77.9", "0.05", "12.7", "0.63", "0.03", "0.43", "3.75", "4.57"},
  {"BP080_Ig1Eb_1_G1_4", "77.9", "0.05", "12.6", "0.78", "0.02", "0.44", "3.70", "4.51"},
  {"BP080_Ig1Eb_1_G13_4", "78.1", "0.06", "12.6", "0.56", "0.02", "0.44", "3.71", "4.56"},
  {"BP080_Ig1Eb_1_G5_2", "77.8", "0.06", "12.7", "0.62", "0.03", "0.45", "3.76", "4.50"},
  {"BP080_Ig1Eb_1_G13_1", "77.9", "0.06", "12.6", "0.64", "0.03", "0.44", "3.76", "4.59"},
  {"BP080_Ig1Eb_1_G12_2", "78.0", "0.06", "12.6", "0.69", "0.04", "0.44", "3.73", "4.51"},
  {"BP080_Ig1Eb_1_G3_1", "77.8", "0.06", "12.7", "0.70", "0.01", "0.43", "3.76", "4.54"},
  {"BP080_Ig1Eb_1_G8_3", "77.6", "0.06", "12.7", "0.72", "0.03", "0.44", "3.94", "4.50"},
  {"BP080_Ig1Eb_1_G3_4", "77.8", "0.06", "12.7", "0.63", "0.01", "0.45", "3.75", "4.59"},
  {"BP080_Ig1Eb_1_G3_3", "77.9", "0.06", "12.6", "0.66", "0.03", "0.40", "3.81", "4.56"},
  {"BP080_Ig1Eb_1_G2_2", "77.6", "0.07", "12.7", "0.75", "0.02", "0.46", "3.90", "4.50"},
  {"BP080_Ig1Eb_1_G12_1", "78.1", "0.07", "12.6", "0.64", "0.00", "0.41", "3.67", "4.56"},
  {"BP080_Ig1Eb_1_G5_4", "77.8", "0.07", "12.6", "0.72", "0.02", "0.40", "3.86", "4.53"},
  {"BP080_Ig1Eb_1_G8_4", "77.8", "0.07", "12.6", "0.72", "0.01", "0.41", "3.69", "4.71"},
  {"BP080_Ig1Eb_1_G1_3", "77.8", "0.07", "12.6", "0.66", "0.01", "0.44", "3.79", "4.55"},
  {"BP080_Ig1Eb_1_G2_1", "77.9", "0.07", "12.8", "0.62", "0.00", "0.46", "3.94", "4.29"},
  {"BP080_Ig1Eb_1_G2_4", "78.2", "0.08", "12.5", "0.57", "0.03", "0.43", "3.67", "4.55"},
  {"BP080_Ig1Eb_1_G2_3", "77.7", "0.07", "12.7", "0.68", "0.03", "0.44", "3.90", "4.53"},
  {"BP080_Ig1Eb_1_G4_2", "77.8", "0.08", "12.6", "0.65", "0.03", "0.45", "3.71", "4.63"},
  {"BP080_Ig1Eb_1_G13_3", "77.6", "0.08", "12.7", "0.76", "0.02", "0.43", "3.72", "4.69"},
  {"BP080_Ig1Eb_1_G1_1", "77.8", "0.08", "12.7", "0.76", "0.00", "0.43", "3.62", "4.62"},
  {"BP087_Ig1Eb_1_G9_4", "78.0", "0.01", "12.6", "0.70", "0.02", "0.46", "3.61", "4.57"},
  {"BP087_Ig1Eb_1_G2_3", "77.7", "0.02", "12.8", "0.59", "0.02", "0.45", "3.69", "4.71"},
  {"BP087_Ig1Eb_1_G3_2", "78.1", "0.03", "12.7", "0.65", "0.01", "0.44", "3.52", "4.55"},
  {"BP087_Ig1Eb_1_G9_1", "77.9", "0.03", "12.5", "0.66", "0.01", "0.42", "3.66", "4.74"},
  {"BP087_Ig1Eb_1_G9_3", "77.8", "0.04", "12.6", "0.68", "0.01", "0.42", "3.85", "4.60"},
  {"BP087_Ig1Eb_1_G14_3", "78.3", "0.04", "12.5", "0.63", "0.02", "0.46", "3.42", "4.58"},
  {"BP087_Ig1Eb_1_G12_2", "78.1", "0.04", "12.5", "0.70", "0.02", "0.45", "3.64", "4.60"},
  {"BP087_Ig1Eb_1_G2_1", "78.4", "0.04", "12.5", "0.66", "0.00", "0.45", "3.57", "4.39"},
  {"BP087_Ig1Eb_1_G3_3", "78.0", "0.04", "12.6", "0.69", "0.02", "0.46", "3.47", "4.64"},
  {"BP087_Ig1Eb_1_G13_4", "77.8", "0.04", "12.6", "0.61", "0.02", "0.44", "3.53", "4.98"},
  {"BP087_Ig1Eb_1_G1_4", "77.8", "0.05", "12.6", "0.64", "0.02", "0.44", "3.74", "4.68"},
  {"BP087_Ig1Eb_1_G1_3", "78.0", "0.05", "12.6", "0.64", "0.02", "0.45", "3.62", "4.61"},
  {"BP087_Ig1Eb_1_G3_1", "78.0", "0.05", "12.6", "0.60", "0.02", "0.45", "3.58", "4.67"},
  {"BP087_Ig1Eb_1_G6_4", "78.0", "0.05", "12.6", "0.68", "0.03", "0.46", "3.64", "4.51"},
  {"BP087_Ig1Eb_1_G12_3", "77.9", "0.06", "12.6", "0.62", "0.01", "0.45", "3.72", "4.66"},
  {"BP087_Ig1Eb_1_G13_3", "78.0", "0.06", "12.6", "0.63", "0.02", "0.43", "3.60", "4.63"},
  {"BP087_Ig1Eb_1_G2_2", "77.8", "0.06", "12.6", "0.62", "0.01", "0.48", "3.76", "4.65"},
  {"BP087_Ig1Eb_1_G1_2", "78.2", "0.07", "12.6", "0.63", "0.01", "0.47", "3.41", "4.67"},
  {"BP087_Ig1Eb_1_G11_1", "78.2", "0.07", "12.5", "0.64", "0.02", "0.45", "3.50", "4.61"},
  {"BP087_Ig1Eb_1_G6_3", "77.8", "0.07", "12.7", "0.64", "0.01", "0.43", "3.68", "4.66"},
  {"BP087_Ig1Eb_1_G12_1", "78.1", "0.07", "12.5", "0.64", "0.01", "0.45", "3.70", "4.53"},
  {"BP087_Ig1Eb_1_G13_2", "77.7", "0.07", "12.7", "0.65", "0.02", "0.44", "3.86", "4.56"},
  {"BP087_Ig1Eb_1_G6_2", "77.7", "0.07", "12.6", "0.66", "0.02", "0.43", "3.88", "4.63"},
  {"BP087_Ig1Eb_1_G9_2", "77.9", "0.07", "12.5", "0.69", "0.02", "0.44", "3.70", "4.61"},
  {"BP087_Ig1Eb_1_G2_4", "77.9", "0.07", "12.6", "0.69", "0.03", "0.45", "3.63", "4.56"},
  {"BP087_Ig1Eb_1_G14_4", "77.8", "0.08", "12.6", "0.63", "0.02", "0.49", "3.70", "4.73"},
  {"BP087_Ig1Eb_1_G14_2", "77.6", "0.08", "12.7", "0.64", "0.02", "0.44", "3.88", "4.62"},
  {"BP087_Ig1Eb_1_G14_1", "77.8", "0.08", "12.7", "0.66", "0.02", "0.46", "3.68", "4.63"},
  {"BP087_Ig1Eb_1_G11_3", "78.0", "0.08", "12.6", "0.63", "0.01", "0.45", "3.65", "4.58"},
  {"BP087_Ig1Eb_1_G3_4", "77.8", "0.08", "12.5", "0.70", "0.01", "0.43", "3.74", "4.66"},
  {"BP087_Ig1Eb_1_G12_4", "78.0", "0.08", "12.5", "0.63", "0.02", "0.44", "3.39", "4.90"},
  {"BP087_Ig1Eb_1_G11_4", "77.9", "0.09", "12.6", "0.62", "0.01", "0.46", "3.69", "4.69"},
  {"BP087_Ig1Eb_1_G13_1", "77.8", "0.09", "12.7", "0.62", "0.01", "0.49", "3.68", "4.61"},
  {"BP087_Ig1Eb_1_G1_1", "77.9", "0.10", "12.6", "0.66", "0.00", "0.45", "3.74", "4.59"},
  {"BP087_Ig1Eb_1_G6_1", "77.9", "0.10", "12.6", "0.64", "0.01", "0.42", "3.74", "4.62"},
  {"BP087_Ig1Eb_1_G11_2", "78.1", "0.10", "12.5", "0.56", "0.02", "0.44", "3.70", "4.56"},
  {"BP092_Ig1Eb_1_G8_4", "77.7", "0.04", "12.5", "0.69", "0.02", "0.39", "3.79", "4.89"},
  {"BP092_Ig1Eb_1_G8_2", "77.6", "0.05", "12.6", "0.75", "0.04", "0.39", "3.79", "4.78"},
  {"BP092_Ig1Eb_1_G8_3", "77.9", "0.06", "12.5", "0.67", "0.03", "0.41", "3.88", "4.55"},
  {"BP092_Ig1Eb_1_G10_1", "77.6", "0.06", "12.6", "0.70", "0.01", "0.39", "3.81", "4.83"},
  {"BP092_Ig1Eb_1_G1_3", "77.6", "0.06", "12.6", "0.61", "0.02", "0.40", "3.84", "4.88"},
  {"BP092_Ig1Eb_1_G1_4", "77.6", "0.06", "12.6", "0.68", "0.02", "0.39", "3.82", "4.87"},
  {"BP092_Ig1Eb_1_G1_2", "77.5", "0.06", "12.6", "0.65", "0.02", "0.41", "3.93", "4.82"},
  {"BP092_Ig1Eb_1_G9_2", "77.8", "0.07", "12.5", "0.69", "0.01", "0.43", "3.93", "4.55"},
  {"BP092_Ig1Eb_1_G9_1", "77.8", "0.07", "12.4", "0.65", "0.03", "0.40", "4.02", "4.55"},
  {"BP092_Ig1Eb_1_G7_4", "76.5", "0.07", "12.9", "0.88", "0.15", "0.70", "4.07", "4.80"},
  {"BP092_Ig1Eb_1_G10_4", "77.8", "0.07", "12.5", "0.65", "0.02", "0.42", "3.97", "4.57"},
  {"BP092_Ig1Eb_1_G6_3", "78.2", "0.07", "12.1", "0.61", "0.05", "0.41", "3.76", "4.75"},
  {"BP092_Ig1Eb_1_G6_1", "77.9", "0.08", "12.5", "0.69", "0.03", "0.40", "3.62", "4.82"},
  {"BP092_Ig1Eb_1_G10_3", "77.7", "0.09", "12.6", "0.61", "0.05", "0.41", "3.83", "4.64"},
  {"BP092_Ig1Eb_1_G7_2", "76.8", "0.10", "12.9", "0.89", "0.16", "0.67", "3.83", "4.72"},
  {"BP092_Ig1Eb_1_G4_4", "76.8", "0.11", "13.1", "0.79", "0.16", "0.68", "3.75", "4.65"},
  {"BP092_Ig1Eb_1_G3_2", "77.5", "0.13", "12.4", "0.77", "0.07", "0.46", "3.43", "5.23"},
  {"BP092_Ig1Eb_1_G3_4", "77.5", "0.14", "12.4", "0.76", "0.05", "0.48", "3.53", "5.19"},
  {"BP092_Ig1Eb_1_G3_3", "77.6", "0.16", "12.3", "0.71", "0.11", "0.48", "3.41", "5.22"},
  {"BP092_Ig1Eb_1_G3_1", "77.1", "0.16", "12.5", "0.77", "0.07", "0.47", "3.71", "5.19"},
  {"BP098_Ig1Eb_1_g7_4", "78.2", "0.02", "12.5", "0.63", "0.02", "0.43", "3.42", "4.78"},
  {"BP098_Ig1Eb_1_g10_1", "78.1", "0.04", "12.5", "0.67", "0.02", "0.45", "3.62", "4.59"},
  {"BP098_Ig1Eb_1_g19_4", "77.9", "0.04", "12.5", "0.63", "0.03", "0.44", "3.71", "4.69"},
  {"BP098_Ig1Eb_1_g7_3", "78.2", "0.04", "12.4", "0.61", "0.03", "0.42", "3.66", "4.62"},
  {"BP098_Ig1Eb_1_g11_3", "78.1", "0.04", "12.5", "0.66", "0.03", "0.42", "3.67", "4.52"},
  {"BP098_Ig1Eb_1_g6_1", "77.9", "0.05", "12.6", "0.63", "0.02", "0.42", "3.58", "4.74"},
  {"BP098_Ig1Eb_1_g10_4", "77.5", "0.05", "12.6", "0.57", "0.00", "0.45", "3.74", "5.05"},
  {"BP098_Ig1Eb_1_g10_3", "77.8", "0.05", "12.6", "0.58", "0.01", "0.42", "3.42", "5.15"},
  {"BP098_Ig1Eb_1_g19_6", "78.0", "0.05", "12.5", "0.79", "0.02", "0.44", "3.59", "4.52"},
  {"BP098_Ig1Eb_1_g6_3", "78.4", "0.05", "12.2", "0.66", "0.03", "0.43", "3.64", "4.52"},
  {"BP098_Ig1Eb_1_g3_3", "78.1", "0.05", "12.4", "0.73", "0.04", "0.43", "3.74", "4.49"},
  {"BP098_Ig1Eb_1_g16_4", "77.9", "0.05", "12.5", "0.68", "0.02", "0.42", "3.52", "4.85"},
  {"BP098_Ig1Eb_1_g19_3", "78.4", "0.05", "12.4", "0.57", "0.03", "0.43", "3.56", "4.53"},
  {"BP098_Ig1Eb_1_g11_4", "78.2", "0.06", "12.6", "0.68", "0.03", "0.43", "3.47", "4.53"},
  {"BP098_Ig1Eb_1_g7_2", "78.4", "0.06", "12.4", "0.56", "0.04", "0.42", "3.64", "4.55"},
  {"BP098_Ig1Eb_1_g19_5", "78.2", "0.06", "12.5", "0.68", "0.03", "0.43", "3.64", "4.50"},
  {"BP098_Ig1Eb_1_g3_1", "78.1", "0.06", "12.5", "0.60", "0.04", "0.44", "3.75", "4.53"},
  {"BP098_Ig1Eb_1_g3_2", "78.2", "0.06", "12.7", "0.65", "0.01", "0.40", "3.51", "4.48"},
  {"BP098_Ig1Eb_1_g19_1", "78.1", "0.06", "12.4", "0.55", "0.02", "0.41", "2.97", "5.42"},
  {"BP098_Ig1Eb_1_g6_2", "78.1", "0.06", "12.6", "0.63", "0.04", "0.40", "3.58", "4.58"},
  {"BP098_Ig1Eb_1_g11_2", "78.0", "0.06", "12.5", "0.71", "0.01", "0.43", "3.61", "4.64"},
  {"BP098_Ig1Eb_1_g16_2", "77.6", "0.06", "12.5", "0.72", "0.01", "0.41", "3.12", "5.50"},
  {"BP098_Ig1Eb_1_g3_4", "78.0", "0.07", "12.5", "0.64", "0.02", "0.43", "3.66", "4.69"},
  {"BP098_Ig1Eb_1_g16_1", "77.9", "0.07", "12.5", "0.64", "0.02", "0.42", "3.28", "5.21"},
  {"BP098_Ig1Eb_1_g16_3", "78.1", "0.07", "12.4", "0.66", "0.04", "0.44", "3.69", "4.52"},
  {"BP098_Ig1Eb_1_g10_2", "77.8", "0.07", "12.6", "0.69", "0.02", "0.43", "3.53", "4.90"},
  {"BP098_Ig1Eb_1_g7_1", "77.9", "0.07", "12.6", "0.68", "0.02", "0.45", "3.78", "4.50"},
  {"BP098_Ig1Eb_2_g14_2", "76.9", "0.09", "13.3", "0.57", "0.05", "0.24", "3.94", "4.93"},
  {"BP098_Ig1Eb_2_g14_1", "75.9", "0.10", "13.4", "1.09", "0.20", "0.94", "3.72", "4.66"},
  {"BP098_Ig1Eb_2_g14_3", "76.0", "0.11", "13.4", "1.16", "0.23", "0.88", "3.61", "4.65"},
  {"BP032_Ig1Eb_3_g2_4", "73.0", "0.16", "14.3", "1.99", "0.26", "1.78", "3.94", "4.57"},
  {"BP032_Ig1Eb_3_g1_1", "73.5", "0.19", "14.3", "1.78", "0.14", "1.61", "3.72", "4.74"},
  {"BP032_Ig1Eb_3_g1_3", "73.9", "0.19", "14.2", "1.50", "0.29", "1.65", "3.63", "4.67"},
  {"BP032_Ig1Eb_3_g1_2", "72.8", "0.19", "14.3", "2.01", "0.49", "1.82", "3.77", "4.58"},
  {"BP032_Ig1Eb_3_g18_3", "72.7", "0.20", "14.6", "2.03", "0.20", "1.79", "3.94", "4.57"},
  {"BP032_Ig1Eb_3_g2_1", "72.9", "0.20", "14.2", "2.11", "0.59", "1.93", "3.66", "4.39"},
  {"BP032_Ig1Eb_3_g2_2", "72.4", "0.21", "14.6", "2.31", "0.39", "1.94", "3.82", "4.34"},
  {"BP032_Ig1Eb_3_g18_1", "73.5", "0.21", "14.0", "2.13", "0.33", "1.49", "3.68", "4.65"},
  {"BP032_Ig1Eb_3_g18_2", "72.5", "0.22", "14.5", "2.09", "0.50", "1.98", "3.74", "4.45"},
  {"BP032_Ig1Eb_3_g1_4", "72.6", "0.23", "14.5", "2.23", "0.29", "1.83", "3.72", "4.64"},
  {"BP032_Ig1Eb_3_g2_3", "73.0", "0.25", "14.3", "2.31", "0.20", "1.80", "3.66", "4.41"},
  {"BP036_Ig1Eb_Sherwin_G5_2", "77.7", "0.05", "12.9", "0.41", "0.02", "0.44", "3.12", "5.36"},
  {"BP036_Ig1Eb_Sherwin_G2_1", "78.3", "0.08", "12.6", "0.35", "0.03", "0.50", "3.48", "4.66"},
  {"BP036_Ig1Eb_Sherwin_G16_3", "78.1", "0.08", "12.7", "0.22", "0.00", "0.44", "3.46", "5.01"},
  {"BP040_Ig1Eb_Sherwin_G8_2", "77.9", "0.03", "12.6", "0.36", "0.02", "0.43", "2.99", "5.58"},
  {"BP040_Ig1Eb_Sherwin_G7_1", "78.1", "0.04", "12.7", "0.32", "0.03", "0.43", "3.44", "4.97"},
  {"BP040_Ig1Eb_Sherwin_G1_4", "78.1", "0.07", "12.5", "0.38", "0.03", "0.47", "3.53", "4.90"},
  {"BP040_Ig1Eb_Sherwin_G2_1", "77.9", "0.07", "12.6", "0.20", "0.00", "0.43", "2.74", "6.02"},
  {"BP040_Ig1Eb_Sherwin_G10_3", "78.0", "0.07", "12.7", "0.29", "0.02", "0.45", "3.48", "5.08"},
  {"BP040_Ig1Eb_Sherwin_G10_1", "78.0", "0.07", "12.6", "0.23", "0.01", "0.43", "3.42", "5.19"},
  {"BP040_Ig1Eb_Sherwin_G1_2", "77.1", "0.07", "12.5", "1.30", "0.07", "0.44", "3.09", "5.42"},
  {"BP040_Ig1Eb_Sherwin_G5_1", "77.8", "0.08", "12.6", "0.64", "0.06", "0.50", "3.54", "4.82"},
  {"BP040_Ig1Eb_Sherwin_G6_4", "78.1", "0.08", "12.5", "0.18", "0.01", "0.43", "3.27", "5.38"},
  {"BP040_Ig1Eb_Sherwin_G7_2", "78.0", "0.08", "12.6", "0.30", "0.03", "0.43", "3.55", "5.09"},
  {"BP040_Ig1Eb_Sherwin_G8_1", "78.0", "0.09", "12.5", "0.27", "0.02", "0.41", "2.71", "6.07"},
  {"BP040_Ig1Eb_Sherwin_G1_3", "78.0", "0.09", "12.6", "0.35", "0.01", "0.46", "3.46", "5.03"},
  {"BP040_Ig1Eb_Sherwin_G7_4", "77.9", "0.09", "12.7", "0.24", "0.02", "0.40", "3.31", "5.40"},
  {"BP040_Ig1Eb_Sherwin_G5_3", "78.1", "0.09", "12.5", "0.18", "0.01", "0.44", "3.19", "5.54"},
  {"BP040_Ig1Eb_Sherwin_G6_1", "78.0", "0.10", "12.6", "0.20", "0.02", "0.40", "3.50", "5.12"},
  {"BP040_Ig1Eb_Sherwin_G8_4", "77.9", "0.10", "12.7", "0.28", "0.01", "0.44", "2.92", "5.61"},
  {"BP040_Ig1Eb_Sherwin_G6_2", "77.9", "0.10", "12.5", "0.41", "0.04", "0.43", "3.33", "5.29"},
  {"BP040_Ig1Eb_Sherwin_G5_2", "78.1", "0.10", "12.6", "0.40", "0.01", "0.49", "3.37", "4.88"},
  {"BP040_Ig1Eb_Sherwin_G3_1", "77.8", "0.11", "12.6", "0.35", "0.01", "0.42", "3.14", "5.53"},
  {"BP040_Ig1Eb_Sherwin_G10_2", "78.1", "0.12", "12.6", "0.19", "0.01", "0.43", "3.46", "5.07"},
  {"BP019_Ig1Eb_Watterson_1.'1", "76.5", "0.04", "13.9", "0.64", "0.06", "0.63", "3.53", "4.79"},
  {"BP019_Ig1Eb_Watterson_1.31", "77.3", "0.05", "13.4", "0.58", "0.02", "0.52", "3.47", "4.61"},
  {"BP019_Ig1Eb_Watterson_1.3", "76.7", "0.05", "13.8", "0.40", "0.05", "0.55", "3.23", "5.24"},
  {"BP019_Ig1Eb_Watterson_1.48", "77.3", "0.05", "13.5", "0.57", "0.03", "0.44", "3.58", "4.60"},
  {"BP019_Ig1Eb_Watterson_1.12", "77.3", "0.05", "13.3", "0.57", "0.04", "0.51", "3.50", "4.71"},
  {"BP019_Ig1Eb_Watterson_g20_2", "77.2", "0.05", "12.8", "0.75", "0.09", "0.75", "3.73", "4.58"},
  {"BP019_Ig1Eb_Watterson_1.25", "77.4", "0.05", "13.4", "0.42", "0.01", "0.47", "3.36", "4.82"},
  {"BP019_Ig1Eb_Watterson_1.1", "77.1", "0.05", "13.5", "0.42", "0.04", "0.51", "3.42", "4.95"},
  {"BP019_Ig1Eb_Watterson_1.13", "76.8", "0.05", "13.6", "0.74", "0.06", "0.60", "3.35", "4.77"},
  {"BP019_Ig1Eb_Watterson_2.1", "77.4", "0.05", "13.3", "0.55", "0.02", "0.50", "3.54", "4.60"},
  {"BP019_Ig1Eb_Watterson_1.2", "77.5", "0.05", "13.3", "0.55", "0.04", "0.43", "3.12", "4.96"},
  {"BP019_Ig1Eb_Watterson_1.'20", "77.8", "0.05", "13.3", "0.51", "0.04", "0.44", "3.31", "4.58"},
  {"BP019_Ig1Eb_Watterson_1.'27", "76.8", "0.06", "13.6", "0.62", "0.01", "0.50", "3.68", "4.75"},
  {"BP019_Ig1Eb_Watterson_1.16", "77.2", "0.06", "13.4", "0.52", "0.03", "0.48", "3.47", "4.79"},
  {"BP019_Ig1Eb_Watterson_g2_3", "77.5", "0.06", "12.9", "0.68", "0.04", "0.54", "3.68", "4.63"},
  {"BP019_Ig1Eb_Watterson_g2_1", "78.0", "0.06", "12.6", "0.52", "0.03", "0.46", "3.25", "5.07"},
